0.493844 0.078217 
0.475528 0.154508 
0.445503 0.226995 
0.404508 0.293893 
0.353553 0.353553 
0.293893 0.404508 
0.226995 0.445503 
0.154508 0.475528 
0.078217 0.493844 
0.000000 0.500000 
-0.078217 0.493844 
-0.154508 0.475528 
-0.226995 0.445503 
-0.293893 0.404508 
-0.353553 0.353553 
-0.404508 0.293893 
-0.445503 0.226995 
-0.475528 0.154508 
-0.493844 0.078217 
-0.500000 0.000000 
-0.493844 -0.078217 
-0.475528 -0.154508 
-0.445503 -0.226995 
-0.404508 -0.293893 
-0.353553 -0.353553 
-0.293893 -0.404508 
-0.226995 -0.445503 
-0.154508 -0.475528 
-0.078217 -0.493844 
-0.000000 -0.500000 
0.078217 -0.493844 
0.154508 -0.475528 
0.226995 -0.445503 
0.293893 -0.404508 
0.353553 -0.353553 
0.404508 -0.293893 
0.445503 -0.226995 
0.475528 -0.154508 
0.493844 -0.078217 
0.500000 -0.000000 
0.493844 0.078217
